
Student: Sauers
Lab: 5

---------------------------- START ----------------------------

Input: [9, 0, 8, 1, 7, 2, 6, 3, 5, 4]

------------------------- rBubbleSort -------------------------

Output:[0, 1, 2, 3, 4, 5, 6, 7, 8, 9] 
Sorted: true
+25 in correctness

----------------------- rSelectionSort -----------------------

Output:[0, 1, 2, 3, 4, 5, 6, 7, 8, 9] 
Sorted: true
+25 in correctness

----------------------- rInsertionSort -----------------------

Output:[0, 1, 2, 3, 4, 5, 6, 7, 8, 9] 
Sorted: true
+25 in correctness

------------------------- iQuickSort -------------------------

Output:[0, 1, 2, 3, 4, 5, 6, 7, 8, 9] 
Sorted: true
+25 in correctness

---------------------------- Grade ----------------------------


------------------------- BubbleSort -------------------------
9 0 8 1 7 2 6 3 5 4
0 8 1 7 2 6 3 5 4 9
0 1 7 2 6 3 5 4 8 9
0 1 2 6 3 5 4 7 8 9
0 1 2 3 5 4 6 7 8 9
0 1 2 3 4 5 6 7 8 9
Bubblesort completed.
0 1 2 3 4 5 6 7 8 9
Bubble counter: 79  *** good!

------------------------ InsertionSort ------------------------
9 0 8 1 7 2 6 3 5 4
0 9 1 8 2 7 3 6 4 5
0 1 9 2 8 3 7 4 6 5
0 1 2 9 3 8 4 7 5 6
0 1 2 3 9 4 8 5 7 6
0 1 2 3 4 9 5 8 6 7
0 1 2 3 4 5 9 6 8 7
0 1 2 3 4 5 6 9 7 8
0 1 2 3 4 5 6 7 9 8
0 1 2 3 4 5 6 7 8 9
Insertion sort completed.
Insertion sort counter: 171  *** good!

------------------------ SelectionSort ------------------------
9 0 8 1 7 2 6 3 5 4
0 9 8 1 7 2 6 3 5 4
0 8 9 1 7 2 6 3 5 4 *** Not correct selectionSort
0 1 9 8 7 2 6 3 5 4
0 1 8 9 7 2 6 3 5 4
0 1 7 9 8 2 6 3 5 4
0 1 2 9 8 7 6 3 5 4
0 1 2 8 9 7 6 3 5 4
0 1 2 7 9 8 6 3 5 4
0 1 2 6 9 8 7 3 5 4
0 1 2 3 9 8 7 6 5 4
0 1 2 3 8 9 7 6 5 4
0 1 2 3 7 9 8 6 5 4
0 1 2 3 6 9 8 7 5 4
0 1 2 3 5 9 8 7 6 4
0 1 2 3 4 9 8 7 6 5
0 1 2 3 4 8 9 7 6 5
0 1 2 3 4 7 9 8 6 5
0 1 2 3 4 6 9 8 7 5
0 1 2 3 4 5 9 8 7 6
0 1 2 3 4 5 8 9 7 6
0 1 2 3 4 5 7 9 8 6
0 1 2 3 4 5 6 9 8 7
0 1 2 3 4 5 6 8 9 7
0 1 2 3 4 5 6 7 9 8
0 1 2 3 4 5 6 7 8 9
Selection sort completed.
0 1 2 3 4 5 6 7 8 9
Selection sort counter: 175

-------------------------- QuickSort --------------------------
9 0 8 1 7 2 6 3 5 4
0 9 8 1 7 2 6 3 5 4
0 4 5 1 7 2 6 3 8 9
0 4 3 1 2 7 6 5 8 9
0 2 1 3 4 7 6 5 8 9
0 2 1 3 4 7 6 5 8 9
0 2 1 3 4 7 6 5 8 9
0 2 1 3 4 7 6 5 8 9
0 2 1 3 4 7 6 5 8 9
0 2 1 3 4 7 6 5 8 9
0 2 1 3 4 5 6 7 8 9
0 2 1 3 4 5 6 7 8 9
0 2 1 3 4 5 6 7 8 9
0 2 1 3 4 5 6 7 8 9
0 2 1 3 4 5 6 7 8 9
0 2 1 3 4 5 6 7 8 9
0 2 1 3 4 5 6 7 8 9
Quick sort completed.
0 2 1 3 4 5 6 7 8 9
Quick sort counter: 62  *** Explain this trace

correctness: 64


Do not print in methods that are intended for computations, not printing!
