
Student: Alvarez
Lab: 5

---------------------------- START ----------------------------

Input: [9, 0, 8, 1, 7, 2, 6, 3, 5, 4]

------------------------- rBubbleSort -------------------------

Output:[0, 1, 2, 3, 4, 5, 6, 7, 8, 9] 
Sorted: true
+25 in correctness

----------------------- rSelectionSort -----------------------

Output:[0, 1, 2, 3, 4, 5, 6, 7, 8, 9] 
Sorted: true
+25 in correctness

----------------------- rInsertionSort -----------------------

Output:[0, 1, 2, 3, 4, 5, 6, 7, 8, 9] 
Sorted: true
+25 in correctness

------------------------- iQuickSort -------------------------

Output:[9, 0, 8, 1, 7, 2, 6, 3, 5, 4] 
Sorted: false

---------------------------- Grade ----------------------------

correctness: 48

------------------------- BubbleSort -------------------------
9 0 8 1 7 2 6 3 5 4
0 8 1 7 2 6 3 5 4 9
0 1 7 2 6 3 5 4 8 9
0 1 2 6 3 5 4 7 8 9
0 1 2 3 5 4 6 7 8 9 *** Array already sorted by this point :(
0 1 2 3 4 5 6 7 8 9
0 1 2 3 4 5 6 7 8 9
0 1 2 3 4 5 6 7 8 9
0 1 2 3 4 5 6 7 8 9
0 1 2 3 4 5 6 7 8 9
0 1 2 3 4 5 6 7 8 9

------------------------ InsertionSort ------------------------
9 0 8 1 7 2 6 3 5 4
9 0 8 1 7 2 6 3 5 4
0 9 8 1 7 2 6 3 5 4
0 8 9 1 7 2 6 3 5 4
0 1 8 9 7 2 6 3 5 4
0 1 7 8 9 2 6 3 5 4
0 1 2 7 8 9 6 3 5 4
0 1 2 6 7 8 9 3 5 4
0 1 2 3 6 7 8 9 5 4
0 1 2 3 5 6 7 8 9 4
0 1 2 3 4 5 6 7 8 9

------------------------ SelectionSort ------------------------
9 0 8 1 7 2 6 3 5 4
0 9 8 1 7 2 6 3 5 4
0 1 8 9 7 2 6 3 5 4
0 1 2 9 7 8 6 3 5 4
0 1 2 3 7 8 6 9 5 4
0 1 2 3 4 8 6 9 5 7
0 1 2 3 4 5 6 9 8 7
0 1 2 3 4 5 6 9 8 7
0 1 2 3 4 5 6 7 8 9
0 1 2 3 4 5 6 7 8 9

-------------------------- MergeSort --------------------------
|9||0||8||1||7||2||6||3||5||4|
|0 9||8||1||7||2||6||3||5||4|
|0 9||1 8||7||2||6||3||5||4|
|0 9||1 8||2 7||6||3||5||4|
|0 9||1 8||2 7||3 6||5||4|
|0 9||1 8||2 7||3 6||4 5|
|0 1 8 9||2 7||3 6||4 5|
|0 1 8 9||2 3 6 7||4 5|
|0 1 2 3 6 7 8 9||4 5|
|0 1 2 3 4 5 6 7 8 9|
