
Student: JimenezTodd
Lab: 5

---------------------------- START ----------------------------

Input: [9, 0, 8, 1, 7, 2, 6, 3, 5, 4]

------------------------- rBubbleSort -------------------------

Output:[0, 1, 2, 3, 4, 5, 6, 7, 8, 9] 
Sorted: true
+25 in correctness

----------------------- rSelectionSort -----------------------

Output:[0, 1, 2, 3, 4, 5, 6, 7, 8, 9] 
Sorted: true
+25 in correctness

----------------------- rInsertionSort -----------------------

Output:[0, 1, 2, 3, 4, 5, 6, 7, 8, 9] 
Sorted: true
+25 in correctness

------------------------- iQuickSort -------------------------

Output:[0, 1, 2, 3, 4, 5, 6, 7, 8, 9] 
Sorted: true
+25 in correctness

---------------------------- Grade ----------------------------

correctness: 64


------------------------- BubbleSort -------------------------
9 0 8 1 7 2 6 3 5 4
0 8 1 7 2 6 3 5 4 9
0 1 7 2 6 3 5 4 8 9
0 1 2 6 3 5 4 7 8 9
0 1 2 3 5 4 6 7 8 9
0 1 2 3 4 5 6 7 8 9  *** good check!

------------------------ InsertionSort ------------------------
9 0 8 1 7 2 6 3 5 4
0 9 8 1 7 2 6 3 5 4
0 8 9 1 7 2 6 3 5 4
0 1 8 9 7 2 6 3 5 4
0 1 7 8 9 2 6 3 5 4
0 1 2 7 8 9 6 3 5 4
0 1 2 6 7 8 9 3 5 4
0 1 2 3 6 7 8 9 5 4
0 1 2 3 5 6 7 8 9 4
0 1 2 3 4 5 6 7 8 9

------------------------ SelectionSort ------------------------
9 0 8 1 7 2 6 3 5 4
4 0 8 1 7 2 6 3 5 9
4 0 5 1 7 2 6 3 8 9
4 0 5 1 3 2 6 7 8 9
4 0 5 1 3 2 6 7 8 9
4 0 2 1 3 5 6 7 8 9
3 0 2 1 4 5 6 7 8 9
1 0 2 3 4 5 6 7 8 9
1 0 2 3 4 5 6 7 8 9
0 1 2 3 4 5 6 7 8 9 *** Not true selection sort

-------------------------- QuickSort --------------------------
