
Student: BenoitJe
Lab: 5

---------------------------- START ----------------------------

Input: [9, 0, 8, 1, 7, 2, 6, 3, 5, 4]

------------------------- rBubbleSort -------------------------

Output:[0, 1, 2, 3, 4, 5, 6, 7, 8, 9] 
Sorted: true
+25 in correctness

----------------------- rSelectionSort -----------------------

Output:[0, 1, 2, 3, 4, 5, 6, 7, 8, 9] 
Sorted: true
+25 in correctness

----------------------- rInsertionSort -----------------------

Output:[0, 1, 2, 3, 4, 5, 6, 7, 8, 9] 
Sorted: true
+25 in correctness

------------------------- iQuickSort -------------------------

Output:[0, 1, 2, 3, 4, 5, 6, 7, 8, 9] 
Sorted: true
+25 in correctness

---------------------------- Grade ----------------------------

------------------------- BubbleSort -------------------------
9 0 8 1 7 2 6 3 5 4
0 9 8 1 7 2 6 3 5 4 ** Not correct bubbleSort
0 1 9 8 7 2 6 3 5 4
0 1 2 9 8 7 6 3 5 4
0 1 2 3 9 8 7 6 5 4
0 1 2 3 4 9 8 7 6 5
0 1 2 3 4 5 9 8 7 6
0 1 2 3 4 5 6 9 8 7
0 1 2 3 4 5 6 7 9 8
0 1 2 3 4 5 6 7 8 9
[0, 1, 2, 3, 4, 5, 6, 7, 8, 9]

------------------------ InsertionSort ------------------------
9 0 8 1 7 2 6 3 5 4
0 9 8 1 7 2 6 3 5 4
0 1 9 8 7 2 6 3 5 4 ** close but not quite insertion Sort
0 1 2 9 8 7 6 3 5 4
0 1 2 3 9 8 7 6 5 4
0 1 2 3 4 9 8 7 6 5
0 1 2 3 4 5 9 8 7 6
0 1 2 3 4 5 6 9 8 7
0 1 2 3 4 5 6 7 9 8
0 1 2 3 4 5 6 7 8 9
[0, 1, 2, 3, 4, 5, 6, 7, 8, 9]

------------------------ SelectionSort ------------------------
9 0 8 1 7 2 6 3 5 4
0 9 8 1 7 2 6 3 5 4
0 1 8 9 7 2 6 3 5 4
0 1 2 9 7 8 6 3 5 4
0 1 2 3 7 8 6 9 5 4
0 1 2 3 4 8 6 9 5 7
0 1 2 3 4 5 6 9 8 7
0 1 2 3 4 5 6 9 8 7
0 1 2 3 4 5 6 7 8 9
0 1 2 3 4 5 6 7 8 9 ** good!
[0, 1, 2, 3, 4, 5, 6, 7, 8, 9]

-------------------------- QuickSort --------------------------
[0, 1, 2, 3, 4, 5, 6, 7, 8, 9]


correctness: 64
